32 35
40 43
48 52
56 60
64 68
303 120273
120276 120276
120278 120279
120282 120282
120285 120285
120288 120289
120291 120292
120294 120294
120297 120297
120300 120301
120304 120307
120562 240574
240578 240581
240586 240590
240594 240598
240602 240606
240610 240613
240618 240621
240626 240629
240633 240637
240642 240646
240650 240653
240834 360827
360828 360828
360831 360831
360834 360834
360836 360837
360839 360840
360840 360843
360843 360845
360849 360852
360857 360861
360865 360869
361197 481107
481108 481109
481111 481111
481114 481114
481115 481117
481121 481125
481129 481133
481138 481142
481146 481149
481153 481157
481162 481166
481484 601385
601387 601390
601394 601398
601403 601406
601411 601414
601419 601423
601427 601431
601434 601438
601443 601446
601450 601454
601459 601462
601755 721648
721651 721651
721653 721654
721654 721657
721657 721659
721663 721667
721672 721676
721680 721684
721689 721692
721697 721700
721705 721709
722028 841904
841905 841906
841907 841908
841910 841910
841913 841913
841916 841916
841919 841919
841922 841922
841925 841925
841928 841928
841932 841936
842261 962178
962180 962181
962182 962184
962185 962187
962187 962188
962190 962191
962193 962194
962196 962197
962199 962200
962202 962205
962210 962213
962540 1082497
1082501 1082505
1082510 1082514
1082518 1082522
1082526 1082530
1082535 1082538
1082543 1082547
1082551 1082555
1082560 1082563
1082568 1082572
1082576 1082580
