60 63
67 71
75 79
84 88
92 101
105 200
205 299
302 414
419 497
500 596
598 704
709 797
801 893
897 994
1242 121244
121249 121337
121342 121440
121444 121530
121533 121629
121634 121728
121730 121828
121830 121934
121937 122025
122029 122124
122128 122224
122484 242467
242470 242563
242565 242663
242666 242762
242764 242860
242862 242959
242962 243058
243061 243158
243160 243256
243259 243356
243361 243458
243710 363696
363698 363795
363798 363894
363898 363993
363995 364092
364094 364204
364208 364290
364292 364403
364407 364488
364491 364587
364589 364688
364952 484927
484929 485026
485027 485125
485128 485232
485237 485325
485330 485429
485433 485521
485522 485620
485623 485719
485723 485818
485822 485920
486170 606158
606160 606272
606276 606356
606358 606455
606460 606554
606556 606653
606656 606753
606757 606851
606854 606950
606951 607050
607054 607163
607407 727389
727394 727501
727505 727588
727589 727687
727691 727786
727790 727884
727889 727984
727987 728082
728086 728181
728186 728280
728284 728393
728633 848621
848625 848732
848737 848820
848825 848918
848920 849023
849027 849116
849120 849221
849226 849313
849317 849419
849424 849512
849516 849634
849864 969857
969861 969951
969956 970054
970058 970165
970169 970257
970261 970347
970350 970446
970447 970545
970547 970662
970666 970743
970748 970851
971097 1091083
1091088 1091182
1091186 1091281
1091286 1091380
1091384 1091493
1091497 1091579
1091583 1091677
1091680 1091780
1091785 1091875
1091878 1091982
1091986 1092074
